MA_CONFIRMED
median: 529
mean: 747.1992337164751
stdev: 664.7846141647532
mode: 0
max: 2805, 2020-07-01
min: 0, 2020-03-20

MA_DEATHS
median: 11
mean: 16.60919540229885
stdev: 11.707679585349505
mode: 10
max: 39, 2020-06-08
min: 0, 2020-03-20

PI_CONFIRMED
median: 451
mean: 498.0380228136882
stdev: 402.9385175562482
mode: 0
max: 1637, 2020-06-30
min: 0, 2020-03-18

PI_DEATHS
median: 9
mean: 10.163498098859316
stdev: 7.869636688547267
mode: 0
max: 36, 2020-07-03
min: 0, 2020-03-18

